% -------------------------------------------------------------------
%  Generated by MATLAB on 2-May-2020 05:27:21
%  MATLAB version: 9.7.0.1319299 (R2019b) Update 5
% -------------------------------------------------------------------
                                      

L_beta = -82.634486993282962;

L_delta_a = -23.343075421831351;

L_delta_r = 8.8703686602959131;

L_p = -11.226092132084871;

L_r = 5.505102872464696;

L_star_delta_a = -23.343075421831351;

L_star_delta_r = 8.8703686602959131;

L_star_p = -11.226092132084871;

L_star_r = 5.505102872464696;

L_star_v = -0.10614414035144347;

L_v = -0.10614414035144347;

N_beta = 1.7016929920534056;

N_delta_a = 0.10553134834439726;

N_delta_r = -1.0025478092717739;

N_p = -0.011183303839135137;

N_r = -0.16774955758702706;

N_star_delta_a = 0.10553134834439726;

N_star_delta_r = -1.0025478092717739;

N_star_p = -0.011183303839135137;

N_star_r = -0.16774955758702706;

N_star_v = 0.0021858275685582309;

N_v = 0.0021858275685582309;

Y_beta = -92.75582835660181;

Y_delta_a = 0;

Y_delta_r = 21.018562090658534;

Y_p = 0;

Y_r = 0;

Y_v = -0.11914502070180268;

